0
0
0
0
0
0
0
0
0
0
0
0
0
0
0
0
0
0
0
0
0
0
0
0
0
0
0
0
0
0
0
0
0
0
0
0
0
0
0
0
0
0
0
0
0
0
0
0
0
0
0
0
0
0
0
0
0
0
0
0
0
0
0
0
0
0
0
0
0
0
0
0
0
0
0
0
0
0
0
0
0
0
0
0
0
0
0
0
0
0
0
0
0
0
0
0
0
0
0
0
0
0
0
0
0
0
0
0
0
0
0
0
0
0
0
0
0
0
0
0
0
0
0
0
0
0
0
0
0
0
0
0
0
0
0
0
0
0
0
0
0
0
0
0
0
0
0
0
0
0
0
0
0
0
0
0
0
0
0
0
0
0
0
0
0
0
1
0
0
0
0
0
0
0
0
0
0
1
0
0
0
0
0
0
0
0
0
0
0
0
0
0
0
0
0
0
0
0
0
0
0
0
0
0
1
0
0
0
0
0
0
0
1
0
0
1
0
1
0
0
0
0
0
0
0
0
0
0
0
0
0
0
1
0
1
0
0
0
0
0
1
0
0
1
0
0
0
0
0
0
0
0
0
0
1
1
0
0
0
0
0
1
1
0
1
1
1
0
0
0
2
1
2
2
1
2
2
1
1
1
1
2
1
2
1
2
2
1
1
2
1
1
2
1
1
1
1
1
1
1
4
4
7
5
4
5
4
4
3
4
5
4
4
3
3
4
4
3
3
5
4
3
4
5
4
4
4
3
4
4
12
12
12
11
12
13
12
13
12
11
13
11
12
12
13
13
13
12
11
11
11
11
12
11
11
12
11
11
12
12
37
36
36
36
34
39
35
36
35
38
37
35
37
35
39
35
36
38
37
36
35
36
36
36
36
35
35
37
36
34
102
109
107
109
107
110
104
107
112
104
106
109
107
112
106
110
112
110
109
108
121
113
114
111
105
104
109
107
109
113
319
318
323
315
320
318
312
331
360
312
309
313
321
326
321
318
325
311
312
318
316
310
319
312
320
314
330
315
316
346
937
943
933
932
932
930
940
922
948
942
964
931
958
929
916
930
947
935
938
956
916
964
942
927
939
913
914
933
936
944
2789
2828
2835
2796
2806
2796
2828
2815
2825
2822
2819
2809
2805
2760
2811
2834
2800
2840
2923
2857
2803
3096
2956
2836
2817
2822
2923
2828
2800
2821
8439
8558
8354
8429
8521
8367
8342
8363
8466
8468
8384
8478
8503
8421
8455
8721
8522
8830
8478
8464
8421
8456
8481
8413
8517
8514
8400
8423
8473
8555
24856
25145
25273
25618
25246
25740
25398
25836
25442
25646
25126
25283
25185
25404
25013
25244
25452
25908
25446
25439
25070
25123
25001
26271
26055
26401
25597
25355
25016
25393